Record Nn' Vn' Fn' On'  Nv   Vv  Fv' Ov' No' Vo' Fo'  Q Se   Q +P   V Se   V +P  V FPR
s20011 96092   2   0   1   0    0   0   0 3959   0   0  96.04 100.00   0.00      -  0.000
s20021 88733 133   1   0   0    0   0   0  91   5   0  99.89 100.00   0.00      -  0.000
s20031 107865   1   0   4   0    0   0   0 1634   0   1  98.51 100.00   0.00      -  0.000
s20041 102243 4094   6   6   0    0   0   0 627 2333   1  97.29  99.99   0.00      -  0.000
s20051 109557   0   2   0   0    0   0   0 3330   2   0  97.05 100.00   0.00      -  0.000
s20061 111871 773   0   0   0    0   0   0 5278   3   0  95.52 100.00   0.00      -  0.000
s20071 85651   4   0   0   0    0   0   0 102   1   0  99.88 100.00   0.00      -  0.000
s20081 107789 1255  18  23   0    0   0   0 3876  37   4  96.53  99.98   0.00      -  0.000
s20091 108160   0   0   0   0    0   0   0 3410   0   0  96.94 100.00      -      -  0.000
s20101 70524 7080 378   0   0    0   0   0  28   1   6  99.96 100.00   0.00      -  0.000
s20111 85226   3   0   3   0    0   0   0  36   0   0  99.96 100.00   0.00      -  0.000
s20121 84369 580   0   3   0    0   0   0 577   0   0  99.33 100.00   0.00      -  0.000
s20131 103763 438   5   3   0    0   0   0 2036  57   1  98.03 100.00   0.00      -  0.000
s20141 113842   0   0   0   0    0   0   0 2832   0   0  97.57 100.00      -      -  0.000
s20151 79467 116  11   4   0    0   0   0  31  50   0  99.90  99.99   0.00      -  0.000
s20161 83612   6   1 348   0    0   0   0  77   2   0  99.91  99.59   0.00      -  0.000
s20171 126013   4   0   8   0    0   0   0 504   5   0  99.60  99.99   0.00      -  0.000
s20181 106254 123   1  51   0    0   0   0 598   2   0  99.44  99.95   0.00      -  0.000
s20191 95378   7   0 2461   0    0   0   0 2247   0   0  97.70  97.48   0.00      -  0.000
s20201 91436   7   0   3   0    0   0   0  30   4   0  99.96 100.00   0.00      -  0.000
s20211 98243   8   1   1   0    0   0   0 1599   9   0  98.39 100.00   0.00      -  0.000
s20221 118265  21   0   3   0    0   0   0 890   6   0  99.25 100.00   0.00      -  0.000
s20231 99193   1   1   4   0    0   0   0 3904   1   0  96.21 100.00   0.00      -  0.000
s20241 91348   5   0   1   0    0   0   0 1085   1   0  98.83 100.00   0.00      -  0.000
s20251 108263   6   0  14   0    0   0   0 103   1   0  99.90  99.99   0.00      -  0.000
s20261 101133 638   1  33   0    0   0   0 431 108   0  99.47  99.97   0.00      -  0.000
s20271 103646 5129   0 1275   0    0   0   0 2662 2764   0  95.25  98.84   0.00      -  0.000
s20272 116626 345   0   5   0    0   0   0 1090  16   0  99.06 100.00   0.00      -  0.000
s20273 102924 321   0 149   0    0   0   0 490 285   0  99.25  99.86   0.00      -  0.000
s20274 115449 251   1 167   0    0   0   0 4908 451   1  95.57  99.86   0.00      -  0.000
s20281 73075   0   0   1   0    0   0   0   1   0   0 100.00 100.00      -      -  0.000
s20291 75864 408   0 154   0    0   0   0 313   2   0  99.59  99.80   0.00      -  0.000
s20301 106706  24   0   1   0    0   0   0  49   0   0  99.95 100.00   0.00      -  0.000
s20311 85209   3   0 615   0    0   0   0 976   0   0  98.87  99.28   0.00      -  0.000
s20321 91716 152   0   8   0    0   0   0  12  49   0  99.93  99.99   0.00      -  0.000
s20331 83972   5   3   3   0    0   0   0  37   1   0  99.95 100.00   0.00      -  0.000
s20341 99996  79   1   5   0    0   0   0 170   8   1  99.82 100.00   0.00      -  0.000
s20351 117375 504   0   0   0    0   0   0 1481 292   0  98.52 100.00   0.00      -  0.000
s20361 105104   7   1   2   0    0   0   0 572   4   0  99.45 100.00   0.00      -  0.000
s20371 95738   4   0   3   0    0   0   0   7   1   0  99.99 100.00   0.00      -  0.000
s20381 101794  52   0   4   0    0   0   0 1125   1   0  98.91 100.00   0.00      -  0.000
s20391 96556   2   1   1   0    0   0   0 6085 199   6  93.88 100.00   0.00      -  0.000
s20401 74383  56   0   6   0    0   0   0 2889   5   0  96.26  99.99   0.00      -  0.000
s20411 84493  22   0   2   0    0   0   0 191   1   0  99.77 100.00   0.00      -  0.000
s20421 92457  81   5   1   0    0   0   0 411  12   0  99.54 100.00   0.00      -  0.000
s20431 100733  30   0   6   0    0   0   0 1657   3   0  98.38  99.99   0.00      -  0.000
s20441 89126 3432   0   4   0    0   0   0 565   4   0  99.39 100.00   0.00      -  0.000
s20451 88008   1   0  27   0    0   0   0  44   2   0  99.95  99.97   0.00      -  0.000
s20461 98866   2   0   0   0    0   0   0   4   0   0 100.00 100.00   0.00      -  0.000
s20471 114751  55   0  11   0    0   0   0 490   6   1  99.57  99.99   0.00      -  0.000
s20481 91295   0   0 129   0    0   0   0 160   0   0  99.83  99.86      -      -  0.000
s20491 95969 719   0  67   0    0   0   0 207  56   0  99.73  99.93   0.00      -  0.000
s20501 128444 481   1  13   0    0   0   0 13778  21   0  90.33  99.99   0.00      -  0.000
s20511 82084   6   2 582   0    0   0   0 629   2   0  99.24  99.30   0.00      -  0.000
s20521 75161  10   0 595   0    0   0   0 162   3   0  99.78  99.21   0.00      -  0.000
s20531 86445  57   1  38   0    0   0   0  77   4   0  99.91  99.96   0.00      -  0.000
s20541 104699 559   5  36   0    0   0   0 9883   4   1  91.41  99.97   0.00      -  0.000
s20551 100374  49   2 125   0    0   0   0 142  62   0  99.80  99.88   0.00      -  0.000
s20561 99729  70   1  10   0    0   0   0 1015   1   0  98.99  99.99   0.00      -  0.000
s20571 86204 2208   4  22   0    0   0   0 471  80   1  99.38  99.98   0.00      -  0.000
s20581 84849  12   0  48   0    0   0   0  68   6   0  99.91  99.94   0.00      -  0.000
s20591 84128   2   0  16   0    0   0   0  30   1   0  99.96  99.98   0.00      -  0.000
s20601 116470   2   0  48   0    0   0   0 471   0   0  99.60  99.96   0.00      -  0.000
s20611 232163   0   0 157   0    0   0   0 3791   0   0  98.39  99.93      -      -  0.000
s20621 105848 729   0 1928   0    0   0   0 5145 646   1  94.85  98.22   0.00      -  0.000
s20631 99933   0   0   3   0    0   0   0 103   0   0  99.90 100.00      -      -  0.000
s20641 83720 778   0  24   0    0   0   0 352   4   0  99.58  99.97   0.00      -  0.000
s20651 101449 316   0 491   0    0   0   0 2083  16   0  97.98  99.52   0.00      -  0.000
s30661 116650  53   2  58   0    0   0   0 27734   7   1  80.79  99.95   0.00      -  0.000
s30671 98645 158   2   9   0    0   0   0  43 192   0  99.76  99.99   0.00      -  0.000
s30681 113684  12   0  68   0    0   0   0 12952   3   0  89.77  99.94   0.00      -  0.000
s30691 98830   1   0 2315   0    0   0   0 2852   0   0  97.20  97.71   0.00      -  0.000
s30701 106625   0   0   1   0    0   0   0 453   0   0  99.58 100.00      -      -  0.000
s30711 101676 19027   2   7   0    0   0   0 32612  14   5  78.72  99.99   0.00      -  0.000
s30721 103575 335   0 757   0    0   0   0 2726   0   0  97.44  99.28   0.00      -  0.000
s30731 105967  34  11  45   0    0   0   0  43   2   0  99.96  99.96   0.00      -  0.000
s30732 96479  24   2  29   0    0   0   0 109   1   0  99.89  99.97   0.00      -  0.000
s30741 122114   0   0   0   0    0   0   0 1347   0   0  98.91 100.00      -      -  0.000
s30742 113086   0   0   1   0    0   0   0 681   0   0  99.40 100.00      -      -  0.000
s30751 99847 3197   7  19   0    0   0   0 2733 279   1  97.16  99.98   0.00      -  0.000
s30752 109521 5342  16 118   0    0   0   0 5033 649   6  95.28  99.90   0.00      -  0.000
s30761 107325 2936  55  69   0    0   0   0 6447 278   3  94.25  99.94   0.00      -  0.000
s30771 74103   6   0 1468   0    0   0   0 3964   0   0  94.92  98.06   0.00      -  0.000
s30781 91529 393   7 379   0    0   0   0 18143  15   0  83.51  99.59   0.00      -  0.000
s30791 100373  42   1   0   0    0   0   0  51  15   0  99.93 100.00   0.00      -  0.000
s30801 45179   0   0 6085   0    0   0   0 49194   0   0  47.87  88.13      -      -  0.000
______________________________________________________________________________________
Sum  8553029 63828 559 21184   0    0   0   0 271228 9095  41
Gross                                                   96.85  99.75   0.00      -  0.000
Average                                                 97.15  99.68   0.00      -  0.000
Total QRS complexes: 8897780  Total VEBs: 72923

Summary of results from 86 records
